org_low: 0.9884346723556519
org_high: 0.9708620309829712
low_high: 0.9724811911582947
test: 1.0
